1,'1T_UEL_1','UEL1',1,1,1,10
2,'1T_UCI_1','UCI1',1,1,2,10
3,'1T_UEL_UCI_1','RES',1,1,3,110
4,'1T_UEL_2','UEL2',1,1,4,20
5,'1T_UVO_1','UVO1',1,1,5,10
6,'1T_UEL_UVO_1','RES',1,1,6,120
7,'1T_UCP_3','UCP3',1,1,5,30
8,'1T_REF_1','REF1',1,1,5,10
9,'1T_UCP_REF_1','RES',1,1,3,130
10,'1T_UEL_3','UEL3',1,1,1,30
11,'1T_UGM_1','UGM1',1,1,2,10
12,'1T_UEL_UGM_1','RES',1,1,3,130
13,'1T_UEL_4','UEL4',1,1,4,40
14,'1T_UCL_1','UCL1',1,1,5,10
15,'1T_UEL_UCL_1','RES',1,1,3,140
16,'1T_UCP_4','UCP4',1,1,5,40
17,'1T_REF_2','REF2',1,1,5,20
18,'1T_UCP_REF_2','RES',1,1,3,140
19,'1T_UEL_5','UEL5',1,1,5,50
20,'1T_UCI_2','UCI2',1,1,5,20
21,'1T_UEL_UCI_2','RES',1,1,3,150
22,'1T_UEL_6','UEL6',1,1,6,60
23,'1T_UVO_2','UVO2',1,1,5,20
24,'1T_UEL_UVO_2','RES',1,1,3,160
25,'1T_REF_3','REF3',1,1,5,30
26,'1T_REF_4','REF4',1,1,5,40
27,'1T_REF_REF_1','RES',1,1,3,140
28,'1T_UEL_7','UEL7',1,1,1,70
29,'1T_UGM_2','UGM2',1,1,2,20
30,'1T_UEL_UGM_2','RES',1,1,3,170
31,'1T_UEL_8','UEL8',1,1,2,80
32,'1T_UCL_2','UCL2',1,1,5,20
33,'1T_UEL_UCL_2','RES',1,1,3,180
34,'1T_REF_5','REF5',1,1,5,50
35,'1T_REF_6','REF6',1,1,5,60
36,'1T_REF_REF_1','RES',1,1,3,150
37,'1T_ULG_1','ULG1',1,2,1,10
38,'1T_UST_1','UST1',1,2,2,10
39,'1T_ULG_UST_1','RES',1,2,3,110
40,'1T_UCT_1','UCT1',1,2,1,10
41,'1T_USE_1','USE1',1,2,2,10
42,'1T_UCT_USE_1','RES',1,2,3,110
43,'1T_ULG_2','ULG2',1,2,1,20
44,'1T_UCP_1','UCP1',1,2,2,10
45,'1T_ULG_UCP_1','RES',1,2,3,110
46,'1T_UCT_2','UCT2',1,2,1,20
47,'1T_UST_2','UST2',1,2,2,20
48,'1T_UCT_UST_1','RES',1,2,3,110
49,'1T_REF_7','REF7',1,1,5,70
50,'1T_REF_8','REF8',1,1,5,80
51,'1T_REF_REF_2','RES',1,1,3,170
52,'1T_ULG_3','ULG3',1,2,1,10
53,'1T_USE_2','USE2',1,2,2,10
54,'1T_ULG_USE_1','RES',1,2,3,110
55,'1T_UCT_3','UCT3',1,2,1,30
56,'1T_UCP_2','UCP2',1,2,2,20
57,'1T_UCT_UCP_1','RES',1,2,3,130
58,'1T_ULG_4','ULG4',1,2,1,40
59,'1T_UST_3','UST3',1,2,2,30
60,'1T_ULG_UST_2','RES',1,2,3,140
61,'1T_UCT_4','UCT4',1,2,1,40
62,'1T_USE_3','USE3',1,2,2,30
63,'1T_UCT_USE_2','RES',1,2,3,140
64,'1T_REF_9','REF9',1,1,5,90
65,'1T_REF_10','REF10',1,1,5,99
66,'1T_REF_REF_3','RES',1,1,3,190